$ANSIBLE_VAULT;1.1;AES256
39316235616235383333336333626434633365326333393535356536376161656539393031613130
6333386665653738333335633236356137653939333735360a666164333730653039313164643133
34343866386662666432636664656461333961376439376636386163393736333631333635333637
3061666665313839660a343138396565623864306263366437616665616264376166346563613139
32633138393735643633316633363737393130383761376235306666636564653733666261363866
66363939393834303664383439383339646436336236643363316430643630326332633634366137
37646134386533376139343530316332623634636437366262626139396461363666613834356533
66366439653436376661623461636161626432643631366430626430313733353664316363323039
31363865396536303838393730313730366538633161643164663439653263353136616362653932
33653363363965303965656136343865383535353736346430346137613466313035363930396537
33656662353531353830326536393232626434636433396434656338316137333562323735633036
61343935643938386163333536643535663262653233303865646663333963633438396264653936
66303339643761313461653066626635353932643432646433333439633666326462636539646230
65393163363333363739333530663332613037383736353662356561313561656530653638336333
37306164633061616431326233323239346361373130653634633631653539313933356636653964
36646463383233663832643766346336326137363035383536343330663333363232326130643933
38303232343562353465326563353133356162366364626666323731386133616461616336306137
30626630613033396165366137613835343138376233303565663736333036356635346666383530
613665626431333137323338666565636430
